mob (578 * 769)

[
0.5, -0.5, 0.5, 0.499, 1.001,
-0.5, 0.5, 0.5, 1.001, 0.499,
0.5, 0.5, 0.5, 0.499, 1.001,
0.5, 0.5, 0.5, 0.499, 1.001,
0.5, -0.5, -0.5, 1.001, 0.749,
0.5, -0.5, 0.5, 0.499, 1.001,
-0.5, -0.5, 0.5, 0.749, 0.665,
0.5, -0.5, -0.5, 1.001, 0.749,
0.5, 0.5, 0.5, 0.665, 0.749,
0.5, 0.5, 0.5, 0.665, 0.749,
0.5, 0.5, -0.5, 0.749, 0.335,
-0.5, -0.5, 0.5, 0.749, 0.665,
0.5, 0.5, -0.5, 0.335, 0.749,
0.5, 0.5, 0.5, 0.749, 0.665,
-0.5, 0.5, 0.5, 0.665, 0.997,
-0.5, 0.5, 0.5, 0.665, 0.997,
0.5, 0.5, 0.5, 0.997, 0.335,
0.5, 0.5, -0.5, 0.335, 0.749,
0.5, 0.5, 0.5, 0.335, 0.999,
-0.5, 0.5, -0.5, 0.999, 0.335,
-0.5, -0.5, 0.5, 0.749, 0.665,
-0.5, -0.5, 0.5, 0.749, 0.665,
0.5, 0.5, -0.5, 0.335, -0.001,
0.5, 0.5, 0.5, 0.335, 0.999,
-0.5, 0.5, -0.5, 0.999, 0.335,
0.5, -0.5, 0.5, 0.499, 1.001,
0.5, -0.5, -0.5, 1.001, 0.749,
0.5, -0.5, -0.5, 1.001, 0.749,
-0.5, -0.5, 0.5, 0.749, 0.665,
-0.5, 0.5, -0.5, 0.999, 0.335,
0.5, 0.5, 0.5, 0.997, 0.335,
-0.5, 0.5, 0.5, 0.665, 0.997,
0.5, -0.5, 0.5, 0.499, 1.001,
0.5, -0.5, 0.5, 0.499, 1.001,
-0.5, 0.5, -0.5, 0.999, 0.335,
0.5, 0.5, 0.5, 0.997, 0.335
]

grass (1214 * 914)

vertices

texCoords

stone (1216 * 914)

vertices

texCoords
